1.000000000000203
1.000000000000022
1.0000000000003213
0.9999999999996835
1.00000000000002
0.9999999999999991
1.0000000000000278
1.0000000000000093
0.9999999999998523
0.9999999999999662
0.9999999999998752
0.9999999999999889
1.0000000000000526
145.75630189572982
174.54563698353277
0.9999999999999185
1.0000000000000238
0.9999999999999828
230.87538395163153
1.0000000000000377
1.000000000000055
0.999999999999975
1.00000000000002
0.9999999999999244
0.9999999999999963
0.9999999999999781
0.9999999999999719
1.000000000000001
1.0000000000000722
0.9999999999999307
0.9999999999999465
0.999999999999926
155.00503321553788
157.52381022024986
1.000000000000061
166.65890310168658
192.83017852140597
210.4938290392612
1.0000000000000016
229.8369948296949
0.9999999999999067
0.9999999999999767
0.9999999999999261
0.9999999999999197
1.0000000000000409
1.0000000000000226
0.9999999999999194
0.9999999999999011
0.34521235350359314
0.3082179929271665
1.0000000000000007
198.37227572050793
207.56689999800085
1.0000000000000406
0.9999999999999806
0.9999999999999885
159.13901708740926
189.18569806206435
208.35561585329165
1.0000000000000513
0.9999999999999778
0.9999999999999123
1.0000000000000342
1.0000000000000422
0.9999999999999649
1.000000000000039
0.9999999999999968
1.0000000000000584
0.11951041306303824
1.7592061312543659
0.9999999999999458
0.9999999999999591
1.0000000000000149
1.0000000000000215
231.18474735468448
0.9999999999999674
198.82331231197145
153.98254333822456
186.34359795732405
206.15934721611598
0.999999999999989
1.0000000000000087
1.0000000000000167
1.0000000000000422
1.0000000000000004
0.275704484251967
0.9999999999999978
0.02219302017906754
1.1522878032451975
0.8291703842550282
1.000000000000003
0.9999999999999687
1.0000000000000115
246.71308116429978
248.88033476170853
240.49422126095703
223.48518001151317
1.0000000000000433
152.10080786732453
184.39050681763592
1.0000000000000393
0.9999999999999765
1.0000000000000184
0.9999999999999899
0.357881948346001
1.3152994542430487
0.9999999999999875
1.0000000000000107
0.7217542344297118
1.0000000000000207
2.6216204090688238
1.0000000000000502
36.44258963610377
0.9999999999999993
0.9999999999999819
0.9999999999999891
242.94587658580065
1.0000000000000284
174.78083965450202
152.7279612704725
1.0000000000000002
1.0000000000000049
1.0000000000000027
1.0000000000000313
4.365396656468442
0.9999999999999737
1.4107819511408566
1.6119581568299015
1.0000000000000144
0.9999999999999879
1.0000000000000304
6.493597620222317
6.671968318822447
171.22714005777019
1.0000000000000038
1.000000000000018
0.9999999999999932
0.9999999999999862
1.0000000000000018
1.000000000000005
1.0000000000000158
1.000000000000001
1.0000000000000049
1.000000000000005
1.0000000000000087
1.0000000000000013
0.9999999999999963
0.3919040270167663
0.0025303771850089907
1.0000000000000036
0.999999999999998
120.54689169788568
24.24508739850083
1.0000000000000007
1.0000000000000056
1.000000000000006
252.76714992599946
241.92694001371885
204.99849573239825
0.9999999999999959
0.9999999999999835
1.0000000000000007
0.9999999999999992
175.92545319513766
208.23839986012158
60.95313630171275
0.9999999999999986
0.12284626729329115
0.9999999999999987
58.07625641798762
251.03958021138683
1.0000000000000013
250.17164342760083
99.1215330416945
234.98784443669976
253.1509959221076
253.637803815097
244.4609625410802
215.96493262733776
0.9999999999999987
1.0000000000000004
1.0000000000000002
0.9999999999999977
188.06500124198442
0.9999999999999988
252.6665295306026
1.0000000000000016
1.7903860142395183
1.0000000000000002
1.000000000000003
254.28561617265032
254.62725883619103
1.0000000000000007
253.73769063888847
248.30539014951947
253.23343387217315
253.74024655150467
243.90141998692766
0.9999999999999977
1.0000000000000004
1.0000000000000007
0.9999999999999976
1.0000000000000007
184.10135851210643
1.000000000000002
0.9999999999999982
128.12448018067542
33.05804379327784
245.74567668258783
254.08157330762475
254.8069617689197
0.9999999999999983
254.9670141009058
254.75938012966284
0.9999999999999984
0.9999999999999996
253.00907549557672
239.66907780360134
1.0000000000000002
1.0000000000000007
1.0000000000000002
0.999999999999999
1.0000000000000004
1.0000000000000016
231.80611146149062
248.87001792737013
1.0000000000000002
250.5212395795718
0.9999999999999992
0.9999999999999998
1.0000000000000016
1.0000000000000002
254.99863355160545
254.94624653238313
254.87122094889855
1.0000000000000002
252.04337652845305
1.0000000000000004
132.38397724415685
0.9999999999999993
0.9999999999999994
1.0000000000000004
1.0000000000000007
1.0000000000000013
0.9999999999999992
250.45914253879656
0.9999999999999996
254.86510988191492
0.9999999999999987
1.0000000000000007
254.9974831954915
254.9999243124591
0.9999999999999996
0.9999999999999999
254.99050278006817
0.9999999999999997
247.04777810434402
198.6332942545236
106.67584827399783
1.0
0.9999999999999999
0.9999999999999999
1.0
1.0
0.9999999999999998
245.9508786707869
0.9999999999999999
254.99410674214005
254.99997225581703
0.9999999999999999
1.0000000000000004
0.9999999999999998
254.99936158982797
0.9999999999999999
0.9999999999999997
254.31512689177367
238.91476631418917
1.0
1.0
0.9999999999999996
0.9999999999999997
0.9999999999999998
1.0000000000000002
1.0
1.0000000000000002
212.8320739261772
252.964320801203
1.0
1.0000000000000002
1.0
1.0
1.0
254.99993334806183
1.0
254.95881428673232
251.7883191513025
1.0
1.0
1.0
1.0
1.0
1.0
1.0
1.0
1.0
170.24390988419333
1.0
253.9966452152066
254.98881747746034
1.0
1.0
1.0
254.99999994850754
1.0
1.0
1.0
1.0
1.0
1.0
1.0
1.0
1.0
1.0
1.0
1.0
1.0
218.2065014754933
246.53150619951023
253.7465304621199
254.8619316388103
1.0
254.97090382545113
1.0
1.0
242.8046153597857
205.95184338107643
1.0
1.0
1.0
1.0
1.0
1.0
1.0
1.0
1.0
1.0
1.0
218.08842376469562
1.0
248.22271503049436
251.41459654372457
251.10585624194562
1.0
1.0
207.2524603845876
1.0
1.0
1.0
1.0
1.0
1.0
1.0
1.0
1.0
1.0
1.0
1.0
1.0
159.08466533159842
214.71072800699343
221.88475867738126
1.0
209.36076357904338
1.0
1.0
1.0
1.0
1.0
1.0
1.0
1.0
1.0
1.0
1.0
1.0
1.0
1.0
1.0
1.0
1.0
1.0
1.0
1.0
1.0
1.0
1.0
1.0
1.0
1.0
1.0
