0.999999999999571
0.9999999999991832
1.0000000000012599
0.9999999999997042
0.99999999999987
0.9999999999995985
0.9999999999996568
0.9999999999998987
1.0000000000000595
0.9999999999999837
1.000000000000212
1.0000000000000286
1.0000000000002138
98.75461280117257
116.62871283890188
1.0000000000001346
0.9999999999996919
0.9999999999998269
171.79203862127267
1.0000000000000029
1.0000000000001803
1.0000000000003026
1.0000000000001372
1.000000000000054
1.0000000000001483
0.999999999999792
0.9999999999998765
1.0000000000002058
1.0000000000004163
1.0000000000002216
0.9999999999997609
0.999999999999875
104.27232226204049
105.80158741441804
1.0000000000000524
111.49005433312954
129.8261809511318
145.5743670385478
1.0000000000000513
170.09805996031415
1.000000000000039
0.9999999999999921
1.0000000000000384
1.0000000000000115
0.9999999999999365
1.000000000000199
1.000000000000177
1.0000000000000906
161.86777807416487
169.05498238346402
1.0000000000001241
134.34892387839838
142.66087702464029
1.0000000000000546
1.0000000000000169
0.9999999999998711
106.78978566519544
127.00848853124015
143.43149891857004
0.9999999999999333
1.0000000000001197
0.9999999999998677
0.9999999999999385
0.9999999999999855
1.0000000000001656
1.000000000000069
1.0000000000000435
0.9999999999999721
210.69063676814523
219.8600532347954
0.9999999999999998
0.999999999999951
0.9999999999999551
0.9999999999999332
172.3073573451733
0.9999999999999137
134.73129365488657
103.65314955270003
124.88556550201645
141.3105831117621
1.0000000000001428
1.000000000000068
0.9999999999999258
1.0000000000000926
0.9999999999998883
175.48083524929183
0.9999999999999819
210.76136079580974
229.6623862708812
245.2034229378155
0.9999999999999609
0.9999999999999788
0.9999999999999681
243.23203151801061
227.24739161705065
199.7656194685876
160.7589887348528
1.0000000000000098
102.52307138871268
123.46041642300023
0.9999999999999475
1.0000000000000409
1.0000000000000255
0.9999999999999959
159.41341227435558
155.78084449236454
0.999999999999967
1.0000000000000138
239.95847486355953
1.0000000000000402
254.46721492249262
1.0000000000000189
254.86591875899336
0.9999999999999172
1.0000000000000027
1.000000000000006
215.95465398773248
1.0000000000000315
116.78626058921661
102.89906812012393
0.9999999999999768
0.9999999999999603
1.0000000000002296
1.0000000000000175
67.73589938317537
0.9999999999999934
198.59720694195548
203.56643805986462
1.0000000000000164
0.999999999999967
1.000000000000013
254.99841841875156
254.99999999997553
254.9992363228158
1.0000000000000195
0.9999999999999978
1.0000000000000144
1.000000000000009
1.0000000000000038
0.9999999999999906
0.9999999999999986
0.9999999999999842
0.999999999999992
1.0000000000000182
0.9999999999999907
1.0000000000000102
1.000000000000008
220.91334106411736
246.58498893571664
1.0000000000000115
1.0000000000000049
254.89088146777922
254.99804814722626
1.00000000000001
0.9999999999999993
0.9999999999999899
250.00156646499838
225.30425826091607
167.4278645043754
1.0000000000000133
0.9999999999999984
1.0000000000000002
0.9999999999999999
0.2769733389777474
0.5219863040886846
10.298291705372266
0.9999999999999998
228.81488429591505
1.0000000000000009
240.23980260357618
249.429732947101
0.9999999999999999
254.49224009446314
254.93724027110434
254.9620631283952
254.8209856836969
253.25750518795235
235.42551024022487
193.5111758426944
0.9999999999999973
1.0000000000000002
0.9999999999999981
1.0000000000000002
0.23961847958756952
0.999999999999999
0.06775271338407045
0.9999999999999979
124.07421835418033
1.0000000000000044
1.0000000000000004
213.99809967191607
235.27962204290128
1.0000000000000027
252.32963561064005
254.64118369436784
254.56826537754958
252.91176775698796
238.61230224506164
0.9999999999999999
0.9999999999999997
1.0000000000000013
1.0000000000000007
1.000000000000002
0.25179368186776724
1.0000000000000013
1.000000000000003
1.418987804077911
4.670886452923227
5.1009371159412815
0.07497769501483809
66.664500672124
0.9999999999999969
125.0737853495714
233.9340098173523
0.9999999999999973
1.0000000000000002
250.94332523795407
236.01106166330712
0.9999999999999996
0.999999999999998
1.0000000000000033
1.0000000000000004
0.9999999999999991
1.0000000000000022
0.10147956306154814
0.2628640495715501
1.000000000000001
0.41000474547294774
1.0000000000000016
1.000000000000001
1.0000000000000007
1.0000000000000007
3.605563492180494
154.09371862236253
217.35754354540086
1.000000000000001
243.72310511248162
0.9999999999999986
162.93515475145017
0.9999999999999997
1.0000000000000009
1.0000000000000002
1.0000000000000004
1.0
1.0000000000000002
0.03775994556320212
0.9999999999999998
0.004052073620856916
1.0000000000000007
0.9999999999999987
0.5687872359359322
4.553628182060674
0.9999999999999993
1.0000000000000004
55.90128690858451
0.9999999999999996
218.2908862966971
207.98055935098597
143.72902729491412
1.0000000000000002
0.9999999999999994
1.0
1.0
0.9999999999999999
1.0000000000000004
0.09455615881070856
1.0
0
0
0.9999999999999998
1.0000000000000004
0.9999999999999993
3.0976723659332426
1.0000000000000004
0.9999999999999999
9.906058306973682
166.12546819234257
1.0
1.0000000000000002
0.9999999999999997
0.9999999999999999
0.9999999999999999
0.9999999999999999
0.9999999999999998
1.0000000000000002
0.32935255932875906
0.04487778270575554
1.0
1.0
1.0
1.0
1.0
0.1407748683938185
1.0
0.7440423873669895
3.1317269212276364
1.0
1.0
1.0
1.0
1.0
1.0
1.0
1.0
1.0
0.6706740681246408
1.0
0.047798574099933565
0.005580129070942162
1.0
1.0
1.0
0.005598666140664012
1.0
1.0
1.0
1.0
1.0
1.0
1.0
1.0
1.0
1.0
1.0
1.0
1.0
0.4693303069842291
0.19968664281114265
0.06569907881125717
0.02350104061176006
1.0
0.011995249817119153
1.0
1.0
0.20791599406531291
0.4927123349939283
1.0
1.0
1.0
1.0
1.0
1.0
1.0
1.0
1.0
1.0
1.0
0.46606403833557036
1.0
0.19941225627059106
0.12155437746002029
0.12378170861777267
1.0
1.0
0.4910183135751195
1.0
1.0
1.0
1.0
1.0
1.0
1.0
1.0
1.0
1.0
1.0
1.0
1.0
0.6989752626776948
0.47394082641598645
0.441010078942078
1.0
0.4877793261539435
1.0
1.0
1.0
1.0
1.0
1.0
1.0
1.0
1.0
1.0
1.0
1.0
1.0
1.0
1.0
1.0
1.0
1.0
1.0
1.0
1.0
1.0
1.0
1.0
1.0
1.0
1.0
