1.00000000000011
1.0000000000000682
0.99999999999945
1.000000000000476
0.9999999999995857
1.0000000000000635
1.000000000000093
1.0000000000004117
1.0000000000002063
1.0000000000002058
0.9999999999997466
0.99999999999998
1.0000000000000557
153.10845307833807
175.10216426437873
1.0000000000000706
0.9999999999998674
0.9999999999998528
226.1853673068267
0.999999999999995
0.9999999999999142
1.0000000000001787
1.0000000000002434
0.9999999999998934
1.0000000000001492
0.9999999999997474
1.0000000000000713
0.9999999999997917
1.0000000000000304
0.999999999999921
1.0000000000000677
0.999999999999993
160.16191277092432
162.07835785747085
1.0000000000000986
169.038950912518
189.65517365464848
205.07200148223492
0.9999999999999033
224.98742637028036
1.0000000000000673
1.0000000000000366
1.000000000000097
1.000000000000071
0.9999999999999784
1.0000000000000906
1.0000000000000258
1.0000000000000129
0.41290655729050646
0.38237166672496986
1.0000000000000264
194.29939009564723
202.37849663579854
1.0000000000000178
1.0000000000001517
1.0000000000000064
163.3063688325435
186.67312175108376
203.09784687662483
1.000000000000041
0.9999999999999961
0.9999999999999067
1.0000000000000528
0.9999999999998856
1.0000000000001164
0.9999999999999498
1.0000000000000282
1.0000000000000233
0.20949624063461042
4.043678532321856
1.0000000000000295
0.9999999999999297
1.0000000000000857
0.9999999999998782
226.54522894430713
1.000000000000056
194.68393760577538
159.38392909045245
184.38111210938433
201.10594570575893
1.0000000000000238
0.9999999999998465
1.0000000000000708
1.0000000000000042
0.999999999999773
0.35517479103658506
0.9999999999998684
0.08655892891179455
0.3831513049647558
0.5478975217033616
1.0000000000000733
0.9999999999999795
0.9999999999999537
249.2143428562644
249.6311516003034
238.73291977175447
217.97497399303387
1.0000000000000826
157.95092215181106
182.82049570212746
0.9999999999999837
1.0000000000000728
0.9999999999999486
1.000000000000071
0.42329077227410833
0.146441337389923
0.9999999999999571
0.9999999999999221
0.018546994399332536
1.0000000000000124
0.8555260577596107
0.9999999999999456
189.82400565345068
1.0000000000001108
0.9999999999999692
1.0000000000000089
242.93672230809182
0.9999999999999748
175.2842578624646
158.42888273928196
1.0000000000000284
0.9999999999999722
1.0000000000000118
0.9999999999999868
0.1938752692940868
0.9999999999999838
0.004014248722066958
0
1.0000000000000027
0.9999999999999324
0.9999999999999857
0.7869704140254171
0.34173531285115477
243.12117844655364
1.000000000000017
0.9999999999999766
1.0000000000000369
1.0000000000000273
0.9999999999999787
1.000000000000002
0.9999999999999588
1.0000000000000167
1.0000000000000195
1.0000000000000417
1.0000000000000282
1.000000000000016
1.000000000000038
0
0
1.000000000000018
0.9999999999999853
4.178996159462282
0.35321903852585584
1.0000000000000242
1.0000000000001121
0.9999999999999787
254.06612309316125
243.13578552582558
203.95886060089077
0.9999999999999426
1.0000000000000486
1.0000000000000104
1.000000000000035
0.336426882586934
0.08939595716060177
0.004549633454307804
0.999999999999989
0
0.9999999999999876
3.569109525968755
41.1561628614088
1.0000000000000204
235.2980486922876
249.85057953621092
253.10664700054969
254.85214365449312
254.65624782199214
246.57751567016257
218.39444812634002
0.999999999999973
0.9999999999999951
1.0000000000000118
0.9999999999999964
0.29968858951416677
1.000000000000025
0.012018949228616089
1.0000000000000038
0.0023873242014733898
0.999999999999992
1.000000000000016
245.26546305608161
251.4362189548548
0.9999999999999902
254.738473338116
254.8301303234662
254.93899461555108
254.76477592008965
246.67706073204724
1.0000000000000198
0.9999999999999792
0.9999999999999923
0.9999999999999934
0.9999999999999686
0.3117083723295796
1.0000000000000138
1.0000000000000118
0.06271976247786706
0.17829317517180004
2.703292349842311
28.103032099532463
236.92504877670999
1.0000000000000042
254.26648182127195
254.94473203076825
0.9999999999999996
0.9999999999999863
254.5343988830843
243.38714533896052
0.9999999999999972
1.000000000000001
0.9999999999999922
0.9999999999999969
0.9999999999999857
0.9999999999999959
0.15399133378371344
0.21627253749270617
0.9999999999999954
0.9185500047730456
0.9999999999999909
1.0000000000000084
0.9999999999999989
0.9999999999999989
254.54710052860372
254.9725333969519
254.99869320299632
1.000000000000003
254.25156396853953
0.9999999999999996
158.19404805990087
0.999999999999997
1.0000000000000013
0.9999999999999956
1.0000000000000042
1.0000000000000002
1.0000000000000016
1.100033362985872
0.9999999999999902
2.2181371866939537
1.0000000000000007
1.000000000000008
156.24678350316805
250.92695946664833
1.000000000000008
1.0000000000000009
254.99999990932557
0.9999999999999976
251.8444526744264
214.49773288925206
136.19024443886255
1.0000000000000004
0.9999999999999972
1.0000000000000002
1.0000000000000024
0.9999999999999937
1.0000000000000002
4.276860232345884
1.0000000000000004
195.2698783468176
237.9011007087723
0.9999999999999993
1.0
1.0000000000000007
254.83435041982116
0.9999999999999999
1.0000000000000002
254.4932173958635
246.60707399491577
1.0000000000000016
1.0000000000000024
1.0000000000000033
0.9999999999999959
1.0
0.999999999999992
0.9999999999999992
0.9999999999999989
1.5351547347374026
178.00593602721142
1.0000000000000033
1.0000000000000016
1.0000000000000022
1.0000000000000002
0.9999999999999999
254.9796144413341
0.9999999999999994
254.8133121817182
249.27249390080235
1.0000000000000002
0.9999999999999999
0.9999999999999996
0.9999999999999996
0.9999999999999998
1.0000000000000007
0.9999999999999999
1.0000000000000004
0.9999999999999999
0.12444784965110066
1.0000000000000004
219.12320770498152
250.40987798487967
1.0
0.9999999999999999
1.0000000000000004
254.8271115616333
0.9999999999999998
1.0
1.0000000000000002
1.0
1.0
1.0
0.9999999999999998
1.0
1.0
0.9999999999999999
1.0
1.0
1.0
0.4894910254039363
45.769267201962585
201.3615941942983
234.41821883448915
1.0
247.96721182659
1.0
1.0
192.61672150337145
104.95406576167298
1.0
1.0
1.0
1.0
1.0
1.0
1.0
1.0
1.0
1.0
1.0
0.7332245514858817
1.0
80.35600071238336
185.9849042196255
198.30663293741318
1.0
1.0
74.62593632356418
1.0
1.0
1.0
1.0
1.0
1.0
1.0
1.0
1.0
1.0
1.0
1.0
1.0
0.15502842116108367
2.016503411972358
174.9725067013895
1.0
3.4815786218625577
1.0
1.0
1.0
1.0
1.0
1.0
1.0
1.0
1.0
1.0
1.0
1.0
1.0
1.0
1.0
1.0
1.0
1.0
1.0
1.0
1.0
1.0
1.0
1.0
1.0
1.0
1.0
